247
111 122
80 124
43 121
122 16
121 22
78 105
118 82
116 96
98 114
119 65
74 123
79 117
119 34
117 59
114 83
113 94
86 110
109 93
118 16
117 17
113 44
107 57
102 8
60 110
54 113
44 121
122 114
118 4
114 14
109 42
108 76
103 86
89 87
66 105
60 108
59 109
107 3
106 49
20 108
104 11
101 36
108 37
43 108
30 121
101 71
92 81
66 94
54 99
51 102
46 107
77 69
62 89
58 94
49 98
99 64
100 53
18 32
28 4
61 15
22 22
98 57
90 60
57 93
42 98
15 101
21 95
99 32
95 45
86 53
57 92
101 12
99 15
90 19
86 42
83 47
69 48
58 51
55 71
50 82
49 91
1 100
98 14
86 34
82 37
80 46
51 66
42 91
98 13
79 38
51 39
47 45
40 59
35 62
28 63
16 70
15 74
13 76
11 86
28 10
83 7
74 22
67 31
45 33
33 38
24 58
15 71
3 72
0 75
20 11
53 4
82 6
65 25
41 27
27 34
20 49
2 62
20 16
65 8
64 16
50 22
39 26
28 27
125 94
124 1
123 2
122 51
121 116
121 33
120 33
120 3
119 117
118 19
118 18
117 124
116 13
113 76
113 57
112 95
111 84
108 70
106 95
105 104
105 5
103 77
101 115
100 56
100 38
100 22
99 81
97 113
94 93
94 72
94 61
94 0
92 106
92 64
92 6
91 72
91 45
91 11
90 107
90 53
90 7
88 95
88 68
88 9
87 89
87 9
86 0
85 98
84 84
84 25
82 66
81 105
80 1
76 79
74 5
73 125
73 74
72 10
69 88
67 119
67 70
67 1
65 113
64 117
64 74
63 71
62 116
62 9
58 87
58 37
58 16
57 114
57 70
57 48
53 2
51 54
51 37
50 7
49 121
48 44
45 106
42 98
42 6
41 103
41 95
41 70
41 24
33 39
33 34
32 91
32 27
31 104
31 48
30 34
29 30
28 61
26 68
26 15
25 20
24 17
22 6
21 50
19 116
18 65
18 52
18 5
17 99
14 6
13 0
12 94
12 8
11 85
11 64
11 49
10 50
9 102
9 95
8 48
7 2
7 1
6 91
5 27
3 14
1 39
1 19